AspectRatio=1
Resolution=4
Fullscreen=0
VSync=0
Music=0.650000
SFX=0.800000
